Puntos Ganados Perdidos Jugados Saques
28 24 17 19 40
70 27 22 17 75
26 23 21 17 37
18 8 20 15 48
26 18 10 16 65
38 5 23 17 36
54 21 9 17 37
62 18 22 19 65
32 27 15 15 30
57 0 8 16 50
8 0 10 19 33
7 0 14 15 66
56 2 20 15 37
22 12 23 16 58
37 25 17 19 53
47 25 18 18 65
15 15 2 15 38
19 15 16 18 42
10 8 12 16 58
30 26 21 17 56
58 6 2 19 46
27 12 4 17 68
19 2 15 17 34
20 3 4 16 24
39 3 15 19 77
68 6 20 17 75
51 19 24 18 46
50 28 19 19 71
47 23 4 18 37
44 0 20 18 63
13 8 5 19 24
1 17 20 16 21
49 5 18 18 68
7 23 16 17 70
68 19 8 18 67
31 5 14 17 21
54 18 24 15 32
67 8 20 17 50
4 9 4 17 61
30 28 17 15 34
49 9 5 18 32
65 14 21 17 60
41 26 18 18 67
16 26 16 15 50
60 13 4 19 27
62 17 6 18 22
57 12 5 16 73
35 3 17 19 39
72 19 24 17 63
35 20 21 19 77
42 6 15 17 49
31 10 23 17 71
52 14 8 15 59
8 2 18 17 77
57 16 19 15 56
63 24 2 17 74
52 18 21 15 33
73 5 22 16 36
43 25 22 19 54
31 20 17 19 64
25 2 6 19 46
21 2 22 16 58
2 7 4 15 24
17 15 4 19 51
1 27 23 15 66
41 27 22 16 64
41 13 18 18 48
7 14 15 17 79
24 3 2 19 29
0 3 9 19 52
21 5 9 19 46
6 19 6 16 21
63 11 4 18 48
22 28 23 16 47
70 17 4 19 51
70 6 22 16 26
23 22 8 17 36
70 13 14 18 43
67 8 16 15 39
3 28 12 17 74
34 29 24 15 75
24 14 15 19 49
41 12 15 19 20
29 7 24 19 45
55 2 22 15 43
62 24 21 15 28
21 14 10 18 71
7 16 8 17 61
8 17 5 17 49
19 25 22 15 54
17 22 16 16 67
10 22 23 16 26
23 21 12 16 65
11 9 16 19 47
26 19 24 19 36
1 0 22 15 33
9 4 6 18 61
10 4 17 18 25
18 19 8 18 49
73 2 16 19 20
30 1 18 15 46
10 2 19 16 43
10 8 7 19 74
26 26 8 17 35
47 0 8 16 48
27 27 21 18 73
52 26 10 17 55
8 13 17 18 48
0 3 22 16 33
35 12 8 18 57
16 2 17 17 56
46 6 11 18 27
29 24 17 16 75
73 27 3 19 46
59 27 14 19 27
38 28 19 19 53
6 26 11 18 57
48 26 7 16 56
73 13 22 16 29
2 14 14 15 43
14 16 24 19 79
36 17 23 18 26
48 5 20 19 66
56 16 14 18 75
17 26 23 19 38
31 5 17 17 75
50 6 16 16 42
3 13 6 16 28
51 28 15 16 77
34 4 3 15 41
19 21 20 16 73
61 21 24 17 26
12 3 19 17 59
17 18 16 18 63
39 10 16 17 65
63 29 17 18 54
37 2 13 19 49
52 1 4 15 46
39 8 12 18 49
39 24 11 19 29
8 26 18 17 72
52 13 22 18 72
67 22 6 19 74
30 11 14 17 58
55 21 14 17 59
74 7 3 16 49
8 2 9 17 52
35 29 20 19 69
14 0 22 16 55
22 2 8 17 43
47 27 8 15 66
15 9 10 16 69
39 18 20 19 30
54 23 19 17 20
19 24 12 17 33
3 29 23 17 25
65 23 3 17 40
70 6 18 17 56
53 11 11 18 53
24 7 21 17 53
67 22 18 19 30
7 23 7 17 25
24 17 4 16 65
0 6 5 15 65
26 19 7 17 73
46 26 16 15 37
54 8 17 19 29
41 29 14 18 49
54 13 23 17 62
70 29 16 15 74
34 10 22 19 50
4 7 21 18 66
54 8 14 19 65
27 23 13 19 33
72 2 2 16 74
49 27 19 18 79
40 7 7 17 50
48 11 19 19 39
16 5 8 15 36
8 21 14 17 29
67 10 4 15 27
58 6 9 16 74
38 25 3 16 53
9 21 9 17 37
36 27 6 15 73
21 25 13 18 72
19 11 17 17 74
56 6 16 18 63
23 12 11 16 60
2 8 17 15 38
43 0 15 18 31
62 6 7 15 42
72 10 19 15 24
49 16 7 19 48
19 3 23 19 52
57 29 23 18 40
39 3 20 16 42
40 1 9 18 32
40 0 21 19 58
31 22 18 16 63
58 10 17 18 60
69 1 10 17 66
71 22 19 17 44
25 12 14 17 52
53 9 15 19 23
9 15 21 19 51
46 16 12 17 25
30 22 22 18 62
30 12 15 19 31
69 23 19 15 57
69 29 23 18 62
68 24 23 19 32
47 2 8 19 56
64 22 3 17 54
5 19 5 15 39
67 25 15 17 75
69 22 22 17 51
65 20 12 16 76
68 16 19 18 36
57 1 4 16 54
74 17 22 15 74
8 21 16 17 30
2 3 21 16 54
26 3 22 16 57
16 26 21 17 41
55 9 17 19 41
14 16 4 18 78
30 21 18 19 61
5 29 22 17 69
68 16 20 16 21
51 3 7 18 29
6 17 14 15 74
44 12 4 18 71
31 6 3 15 20
62 22 19 15 24
11 12 17 19 41
72 15 6 16 71
19 19 7 15 28
40 0 4 18 43
21 5 13 18 66
34 27 7 15 20
17 20 23 16 45
61 1 16 18 67
37 4 3 17 54
20 25 18 16 35
27 9 15 15 45
18 18 11 15 22
38 21 3 17 24
55 1 8 15 79
69 2 8 18 48
46 25 8 18 40
36 3 21 18 24
26 3 3 18 46
55 10 11 17 70
23 14 14 17 42
8 27 18 16 50
2 6 17 19 52
56 10 21 18 28
62 25 22 17 77
66 20 4 17 53
7 9 24 19 63
59 1 15 15 23
50 23 21 16 45
20 18 8 18 27
51 4 22 17 63
18 12 16 19 57
55 12 18 16 23
30 4 3 18 58
61 12 4 15 65
40 9 24 18 43
63 24 16 18 59
31 12 9 19 31
43 24 2 18 29
33 20 18 16 31
69 25 12 18 38
25 5 22 16 30
14 28 22 15 73
29 25 21 18 58
31 15 22 18 31
13 21 12 18 27
22 5 13 18 43
66 13 24 16 75
61 17 7 19 60
21 3 3 16 71
18 18 23 15 74
45 2 6 17 59
30 17 19 18 64
19 12 5 17 49
8 16 24 19 49
24 23 13 15 61
42 28 23 16 53
22 0 17 18 39
30 6 18 18 33
63 3 10 17 53
0 29 4 16 28
74 2 3 18 43
12 21 15 15 54
37 26 19 18 55
67 19 3 16 65
16 7 7 16 49
10 3 2 17 45
50 1 20 17 38
37 18 14 19 59
22 15 11 17 46
33 14 19 16 44
35 25 21 17 52
71 14 9 18 33
72 14 24 16 43
16 23 5 17 51
67 2 21 17 30
72 22 21 15 72
30 19 24 18 30
33 17 23 15 57
36 16 11 17 66
11 22 2 17 63
32 11 20 16 31
55 3 20 15 28
33 22 8 18 75
2 14 17 18 44
22 21 20 18 35
2 4 20 18 33
15 10 11 18 30
40 15 23 15 61
10 29 21 19 77
39 1 8 16 75
13 10 2 17 66
14 6 23 16 69
69 28 12 19 64
56 27 21 16 39
60 15 9 17 72
34 22 12 16 79
24 0 4 15 29
17 26 19 19 48
42 1 24 16 58
45 11 12 19 71
4 22 22 19 75
67 2 17 16 36
32 10 19 17 65
16 21 5 17 38
14 16 2 15 31
0 26 4 15 45
53 11 3 18 73
67 19 8 16 61
1 9 10 15 47
3 21 14 16 29
16 24 23 16 45
36 11 19 18 22
6 7 15 19 66
21 10 2 18 53
65 9 24 19 44
38 28 17 16 25
33 7 10 15 30
44 28 21 18 34
8 29 6 19 41
16 29 4 17 25
16 27 8 16 36
4 10 21 15 64
9 26 11 17 64
39 10 22 17 23
18 2 21 19 31
31 10 8 16 73
24 24 19 16 43
32 24 19 16 35
38 23 9 19 33
28 29 21 15 57
32 2 2 16 71
3 19 8 19 63
39 2 21 17 56
51 18 6 18 30
64 27 24 18 20
66 22 12 17 79
60 11 2 19 56
52 12 6 15 77
46 2 20 18 69
44 29 4 19 21
42 1 11 16 23
6 20 19 19 70
16 13 17 17 43
48 22 19 16 76
28 15 21 15 48
14 0 8 16 56
23 10 2 15 68
12 21 11 17 70
40 10 10 19 20
40 10 11 19 20
6 20 12 19 20
7 1 6 19 48
11 9 18 19 21
58 26 4 16 39
25 20 18 16 25
74 11 6 16 23
28 3 17 19 55
65 26 23 18 65
32 18 23 18 48
57 13 3 18 41
25 16 3 17 30
73 10 10 19 76
32 27 11 17 52
73 8 9 17 27
15 8 9 15 35
17 29 23 15 35
68 8 5 18 53
32 10 15 15 64
39 10 15 15 25
48 5 9 18 69
16 3 16 15 71
52 27 5 19 64
6 16 13 18 61
41 1 3 18 31
71 5 10 16 50
9 20 4 18 52
25 9 3 15 24
47 19 8 15 77
59 26 16 15 78
33 15 5 15 59
13 20 5 19 47
72 26 23 15 24
55 10 5 16 48
38 3 2 16 69
64 28 16 17 45
11 14 4 16 67
36 18 22 16 50
2 9 20 17 71
44 20 3 16 78
43 25 14 17 24
48 14 18 19 76
29 12 15 19 45
25 5 2 15 62
67 18 8 16 77
26 5 10 18 54
61 1 22 19 22
43 11 2 16 63
32 1 16 15 36
6 20 13 18 72
74 27 17 19 20
48 17 6 19 72
13 28 18 15 65
29 3 23 17 74
58 10 7 16 51
25 15 4 18 73
12 17 22 16 75
55 21 16 16 29
41 3 19 16 28
53 28 24 15 66
61 26 15 17 49
28 4 3 15 31
5 25 12 19 79
57 8 16 16 73
1 24 2 19 68
15 9 16 16 25
34 24 17 18 72
8 22 14 17 69
49 8 9 16 47
9 24 6 17 58
32 29 10 18 59
60 0 6 18 20
68 1 20 19 42
23 19 13 19 69
35 12 3 17 58
52 17 20 15 78
10 20 24 19 68
50 7 2 17 64
11 4 8 18 52
40 13 23 18 72
30 7 21 18 36
19 2 4 15 77
26 6 21 19 40
2 6 5 18 27
33 14 23 16 50
19 0 24 16 79
70 11 16 19 42
68 5 4 16 56
34 11 15 19 62
73 11 24 18 72
28 29 8 16 40
72 18 14 18 74
58 28 18 16 30
34 19 17 15 29
15 2 15 19 49
64 8 16 17 36
51 2 9 18 38
55 4 7 18 50
12 29 5 17 51
7 19 23 17 72
44 1 23 18 33
59 20 14 17 39
8 13 15 18 39
52 8 14 18 25
4 17 24 18 46
52 4 10 19 52
45 19 7 16 75
70 25 3 18 75
17 29 17 16 55
69 25 3 16 73
37 15 6 15 49
20 17 6 15 23
74 28 4 18 53
45 7 3 15 36
62 24 24 18 71
37 18 21 19 27
52 23 15 18 44
60 13 24 16 28
31 14 4 17 63
11 9 12 16 53
54 3 18 19 44
30 8 19 19 41
68 6 13 15 38
52 20 8 15 73
15 26 10 18 67
48 6 10 15 56
21 14 12 19 45
53 28 5 16 22
68 4 6 15 45
56 6 10 15 40
62 16 23 18 56
15 6 6 15 40
70 29 10 19 62
18 12 7 17 23
18 29 23 15 45
25 23 22 17 56
40 15 2 18 46
0 20 10 17 77
14 4 14 19 25
27 7 16 16 39
68 12 9 19 75
67 0 16 15 34
38 22 19 15 20
52 23 23 18 32
30 19 20 17 64
29 29 5 16 65
3 8 15 15 42
28 9 17 17 65
30 25 15 15 26
45 13 22 19 27
53 28 10 16 56
52 16 21 15 42
5 22 9 17 68
5 19 13 16 52
23 3 12 19 66
36 27 4 19 65
37 22 15 18 61
68 5 7 17 25
0 20 2 15 72
72 20 17 15 59
62 28 12 16 29
69 19 15 17 46
59 14 21 15 69
19 14 15 17 41
64 29 11 15 31
37 1 3 18 25
11 25 18 15 72
8 10 20 17 75
26 9 6 16 32
20 19 6 19 32
58 4 6 15 40
44 18 20 17 29
10 17 11 16 76
46 25 3 19 48
73 29 23 15 72
66 29 2 16 42
46 11 22 19 31
47 26 8 18 65
21 16 8 16 69
23 24 6 19 42
29 24 9 16 72
73 12 9 18 24
17 20 9 17 25
41 20 20 19 70
30 29 22 16 49
73 21 17 18 48
4 13 22 18 75
63 27 6 17 78
52 18 7 18 72
29 23 4 18 20
34 2 16 19 66
30 25 4 15 49
25 1 5 17 65
33 12 19 18 78
66 9 13 17 23
38 12 4 17 56
73 2 17 17 20
10 25 7 18 43
72 27 19 19 49
12 3 14 16 42
32 16 16 17 56
46 6 7 16 64
52 26 17 16 26
16 10 22 17 26
59 8 16 18 26
25 16 15 18 67
28 4 5 16 30
30 21 11 19 59
73 6 16 18 60
51 26 7 18 53
22 9 12 17 57
57 27 17 18 32
24 27 12 16 59
17 3 19 17 47
16 17 21 16 67
21 2 21 17 39
47 22 7 15 54
7 29 20 19 24
11 13 17 15 21
8 3 19 18 52
51 11 15 16 78
39 25 9 18 49
23 23 12 19 52
52 14 6 15 54
27 1 21 15 41
58 27 18 18 24
44 1 10 16 41
30 16 8 17 30
72 21 21 17 63
64 24 7 19 40
19 12 19 15 73
71 7 3 15 67
50 26 9 15 24
64 8 13 19 58
60 9 23 19 25
28 19 13 18 47
69 19 14 19 65
36 27 11 16 20
65 9 6 16 42
19 2 11 19 24
0 10 11 19 51
15 29 18 18 41
47 5 4 17 39
18 19 14 16 56
39 25 5 15 42
43 28 20 15 53
16 29 10 16 51
38 28 8 19 43
60 1 18 18 42
35 17 22 19 57
56 25 24 17 26
51 11 17 16 75
4 18 4 19 66
5 2 13 17 76
61 19 22 16 66
40 0 8 15 72
30 5 8 17 61
57 8 18 19 34
20 7 3 16 64
64 23 19 19 41
46 17 3 17 69
37 13 17 19 41
20 7 7 18 68
73 5 14 16 54
17 10 18 15 39
60 24 11 19 63
59 17 10 15 38
59 28 10 17 73
4 4 9 18 61
62 23 17 19 42
39 27 3 18 79
32 23 13 15 33
50 9 10 17 37
71 18 24 15 70
57 6 4 17 21
71 15 5 18 70
48 9 6 19 62
49 24 8 17 21
19 1 12 18 68
60 0 15 18 57
40 27 6 19 53
17 24 11 18 21
36 6 9 15 43
13 5 17 16 45
17 19 5 16 53
17 4 14 18 23
18 29 15 19 41
66 16 18 15 77
36 29 17 18 51
16 22 4 15 24
46 19 7 18 34
30 28 14 19 31
49 29 5 16 59
5 17 15 15 68
52 24 4 16 67
5 28 14 15 61
5 23 18 18 27
36 22 6 17 54
20 11 3 15 74
49 12 18 18 25
10 0 15 15 20
16 29 20 15 22
55 12 11 19 66
61 22 8 15 73
35 6 21 15 47
13 27 21 17 31
15 29 7 18 58
35 17 10 17 69
56 4 7 17 20
30 8 10 18 34
64 29 5 19 75
42 20 13 19 28
60 11 10 16 57
6 1 17 19 26
29 23 16 15 76
65 2 12 18 58
37 0 10 19 54
50 9 15 16 44
74 27 17 16 58
11 28 7 15 21
0 18 18 18 47
21 26 8 19 24
2 15 21 19 24
15 10 9 15 47
45 25 3 19 56
14 24 5 18 40
3 22 12 15 55
37 10 18 19 31
15 6 14 15 23
58 10 4 17 79
32 23 12 19 55
74 27 11 17 62
2 28 3 18 48
3 8 15 17 44
29 6 17 17 45
53 13 20 17 49
45 24 23 18 20
56 12 16 17 52
66 26 7 17 77
26 27 8 16 42
33 16 14 17 50
61 5 23 17 39
74 2 12 19 40
5 5 18 15 59
62 19 14 16 76
15 12 13 17 45
67 9 24 17 25
54 24 2 18 22
74 3 11 16 72
36 24 5 17 63
16 2 11 15 32
17 2 3 18 42
28 2 6 19 44
46 13 14 15 30
12 1 4 17 40
22 17 15 18 72
3 1 22 15 35
28 2 11 15 75
40 16 2 15 34
26 7 6 17 52
24 3 19 15 20
6 4 10 18 57
14 11 17 17 43
11 23 20 19 34
50 10 9 18 21
24 14 18 15 31
40 6 4 16 71
15 29 11 19 43
58 16 18 16 75
39 19 13 15 55
44 23 17 19 73
39 9 20 18 79
73 25 17 17 68
26 6 5 15 22
5 28 3 18 32
71 6 20 17 53
24 24 10 19 38
51 13 7 15 74
47 29 6 17 46
46 18 2 19 67
15 21 17 17 46
10 7 10 19 47
39 16 4 16 75
69 6 7 15 75
38 2 4 17 44
65 7 13 16 53
69 11 7 19 59
63 22 8 17 77
47 26 4 19 40
59 15 16 15 41
61 7 15 17 68
47 8 10 16 41
7 14 11 16 77
26 25 21 19 40
66 29 16 19 51
41 5 16 19 59
15 25 24 15 62
42 10 9 16 23
52 0 13 15 27
5 24 24 16 26
47 2 20 17 63
48 12 10 17 70
32 26 24 17 26
28 6 9 17 20
18 6 24 19 26
34 18 19 19 61
41 9 13 15 24
26 7 7 15 55
56 0 10 18 61
16 1 14 17 54
41 27 17 16 43
8 16 11 16 38
20 7 20 19 21
49 20 12 19 54
20 20 18 19 56
26 4 22 18 66
63 11 11 18 46
32 22 22 16 59
33 20 10 15 55
17 24 13 18 45
47 16 3 15 77
24 0 10 18 51
10 9 23 19 61
16 12 10 17 20
20 24 5 15 66
72 17 14 17 43
58 14 4 18 43
42 23 20 15 32
10 10 20 16 71
70 10 9 18 79
9 2 13 18 41
47 22 11 15 79
48 16 21 17 58
62 12 18 19 73
4 3 7 17 45
51 8 11 17 53
26 7 10 17 49
27 12 18 15 38
43 4 23 18 33
17 20 21 16 65
39 20 9 19 45
24 0 11 19 31
0 4 16 17 74
73 5 12 16 34
25 13 17 15 22
11 11 8 15 21
57 21 9 17 20
41 28 5 15 36
31 18 4 16 47
71 14 23 19 23
7 2 17 17 47
2 4 6 16 26
40 27 20 17 36
4 26 17 17 52
62 9 4 15 60
0 27 4 19 66
18 10 7 15 43
73 10 19 16 39
72 26 19 18 41
64 19 12 15 24
33 28 23 18 49
34 6 24 19 39
12 1 14 15 59
42 26 18 18 41
1 2 15 16 49
9 4 10 17 74
55 29 22 16 65
49 12 12 18 27
21 0 18 15 38
61 12 7 17 40
74 3 15 17 65
40 13 6 16 70
69 0 11 16 57
6 11 15 18 57
46 26 18 16 23
35 3 18 15 40
22 4 10 19 79
60 1 19 15 56
27 27 14 18 53
30 26 23 17 34
43 21 12 17 54
33 26 9 18 67
39 23 21 17 32
37 17 18 15 38
51 28 10 18 44
9 7 11 19 41
23 9 23 16 50
66 11 6 16 63
60 18 23 16 23
57 8 6 18 21
7 22 18 18 62
51 23 6 15 31
18 15 19 17 53
65 20 3 17 55
47 24 4 19 61
12 25 11 16 22
59 7 4 17 26
58 6 24 17 32
15 12 5 17 71
6 6 16 16 23
71 18 16 16 33
22 14 19 18 50
60 29 6 16 49
54 5 18 16 30
49 7 18 16 49
18 12 20 19 42
19 12 12 17 47
69 10 4 16 20
16 4 14 19 48
29 28 3 16 60
34 23 4 18 39
53 8 3 15 42
1 17 7 19 63
48 20 17 17 20
45 1 2 18 29
40 29 5 16 25
34 19 19 18 42
25 11 4 16 70
38 18 7 18 35
7 25 5 18 28
45 7 10 15 49
61 26 24 15 66
17 7 23 16 68
16 2 18 19 22
41 9 4 18 59
51 20 23 19 23
12 19 9 17 67
68 18 8 18 21
53 11 23 19 45
57 10 2 19 32
34 7 6 18 36
47 6 20 18 24
41 28 23 19 51
51 28 17 15 33
64 25 20 18 41
69 15 9 17 36
55 6 10 16 69
41 0 18 16 41
19 27 2 18 63
72 15 4 18 54
34 13 20 15 37
34 9 3 15 58
31 26 5 16 59
55 22 24 19 57
12 4 18 15 23
28 21 15 18 28
20 12 6 19 68
72 3 20 18 39
5 5 11 15 65
27 17 6 17 27
28 18 11 15 68
60 1 21 16 30
74 3 23 18 46
62 22 19 16 25
22 19 21 18 66
34 9 23 16 30
6 24 16 15 57
6 29 4 19 24
2 14 13 17 56
0 4 13 15 62
64 0 6 15 39
23 10 21 18 36
60 7 5 15 72
7 20 11 17 37
47 26 5 15 72
51 18 6 16 32
60 2 20 16 61
14 11 17 15 42
17 9 23 16 30
71 22 6 19 25
3 7 7 18 61
25 9 23 16 26
72 17 13 15 70
59 9 3 18 42
16 23 21 16 74
20 23 8 17 26
43 27 23 15 49
47 27 18 18 42
2 15 13 18 38
21 19 3 19 25
22 16 3 17 51
47 27 17 18 69
49 26 15 16 39
61 10 16 15 73
49 24 23 19 56
53 7 3 16 72
39 20 24 17 64
46 20 13 17 53
10 22 10 17 79
54 25 22 19 30
62 29 18 16 49
59 19 12 19 55
10 6 10 15 64
15 9 9 15 68
24 24 6 15 78
46 2 8 18 22
48 23 14 16 31
73 20 18 19 79
55 9 9 15 23
20 9 9 17 30
37 23 9 15 47
52 10 14 18 53
51 6 11 16 40
71 8 24 18 69
40 28 21 18 62
45 26 15 17 59
12 24 12 16 33
6 15 9 19 66
51 15 4 16 50
42 27 18 17 58
30 8 18 17 65
33 0 5 17 31
9 2 12 16 47
45 20 20 18 75
8 2 14 17 55
20 15 20 18 78
